time,animal_id,x,y,average_speed,average_acceleration,direction,m-213,m-504,m-608,m-710,m-906,c-0,c-1,c-2,c-3,c-4,c-5,c-6,c-7,c-8,c-9
20000,m-213,357.3000,766.4000,0.0000,0.0000,0.0000,0.0000,0.0629,0.0880,0.0381,0.0366,0,0,0,0,0,0,0,0,0,0
20000,m-504,353.7000,717.9000,0.0000,0.0000,0.0000,0.0629,0.0000,0.0706,0.0991,0.0762,1,1,1,1,1,1,0,0,0,0
20000,m-608,300.5000,729.3000,0.0000,0.0000,0.0000,0.0880,0.0706,0.0000,0.1043,0.0665,2,2,2,2,2,2,0,0,0,0
20000,m-710,348.0000,794.3000,0.0000,0.0000,0.0000,0.0381,0.0991,0.1043,0.0000,0.0379,3,3,3,3,1,1,0,0,0,0
20000,m-906,329.6000,771.6000,0.0000,0.0000,0.0000,0.0366,0.0762,0.0665,0.0379,0.0000,4,3,3,3,1,1,0,0,0,0
20001,m-213,357.5000,766.4000,0.1455,-0.0022,0.0000,0.0000,0.2617,0.2905,0.5057,0.2979,0,0,0,0,0,0,0,0,0,0
20001,m-504,353.7000,718.3000,0.4787,-0.0020,90.0000,0.2617,0.0000,0.0744,0.2696,0.0873,1,1,1,1,1,1,0,0,0,0
20001,m-608,300.4000,730.0000,0.5020,0.0031,98.1301,0.2905,0.0744,0.0000,0.2505,0.0695,2,2,2,2,2,2,0,0,0,0
20001,m-710,347.7000,794.3000,0.5720,-0.0027,180.0000,0.5057,0.2696,0.2505,0.0000,0.2149,3,3,3,3,1,1,0,0,0,0
20001,m-906,329.5000,772.0000,0.6105,-0.0044,104.0362,0.2979,0.0873,0.0695,0.2149,0.0000,4,3,3,3,1,1,0,0,0,0
20002,m-213,357.6000,766.3000,0.1674,-0.0028,-45.0000,0.0000,0.3524,0.4099,0.2593,0.4212,0,0,0,0,0,0,0,0,0,0
20002,m-504,353.8000,718.8000,0.4984,-0.0007,78.6901,0.3524,0.0000,0.0895,0.6033,0.1057,1,1,1,1,1,1,0,0,0,0
20002,m-608,300.3000,730.7000,0.4713,0.0041,98.1301,0.4099,0.0895,0.0000,0.6576,0.0717,2,2,2,2,2,2,0,0,0,0
20002,m-710,347.6000,794.2000,0.5991,-0.0015,-135.0000,0.2593,0.6033,0.6576,0.0000,0.6669,3,3,3,3,1,1,0,0,0,0
20002,m-906,329.4000,772.4000,0.6547,-0.0046,104.0362,0.4212,0.1057,0.0717,0.6669,0.0000,4,3,3,3,1,1,0,0,0,0
20003,m-213,357.7000,766.4000,0.1957,-0.0022,45.0000,0.0000,0.0970,0.1743,0.2895,0.2312,0,0,0,0,0,0,0,0,0,0
20003,m-504,354.0000,719.3000,0.5054,-0.0029,68.1986,0.0970,0.0000,0.1103,0.3603,0.1741,1,1,1,1,1,1,0,0,0,0
20003,m-608,300.2000,731.4000,0.4305,0.0033,98.1301,0.1743,0.1103,0.0000,0.4426,0.1024,2,2,2,2,2,2,0,0,0,0
20003,m-710,347.8000,793.9000,0.6140,0.0015,-56.3099,0.2895,0.3603,0.4426,0.0000,0.5028,3,3,3,3,1,1,0,0,0,0
20003,m-906,329.2000,772.7000,0.7011,-0.0050,123.6901,0.2312,0.1741,0.1024,0.5028,0.0000,4,3,3,3,1,1,0,0,0,0
20004,m-213,357.8000,766.5000,0.2176,-0.0050,45.0000,0.0000,0.1185,0.1984,0.2579,0.2137,0,0,0,0,0,0,0,0,0,0
20004,m-504,354.1000,719.8000,0.5344,-0.0026,78.6901,0.1185,0.0000,0.1111,0.3577,0.1330,1,1,1,1,1,1,0,0,0,0
20004,m-608,300.0000,732.0000,0.3973,0.0011,108.4349,0.1984,0.1111,0.0000,0.4399,0.0820,2,2,2,2,2,2,0,0,0,0
20004,m-710,348.2000,793.5000,0.5987,0.0048,-45.0000,0.2579,0.3577,0.4399,0.0000,0.4519,3,3,3,3,1,1,0,0,0,0
20004,m-906,329.0000,773.1000,0.7512,-0.0029,116.5651,0.2137,0.1330,0.0820,0.4519,0.0000,4,3,3,3,1,1,0,0,0,0
20005,m-213,357.8000,766.5000,0.2676,-0.0058,0.0000,0.0000,0.1902,0.2957,0.1487,0.3203,0,0,0,0,0,0,0,0,0,0
20005,m-504,354.3000,720.2000,0.5604,-0.0039,63.4349,0.1902,0.0000,0.1298,0.3303,0.1574,1,1,1,1,1,1,0,0,0,0
20005,m-608,299.9000,732.5000,0.3863,0.0021,101.3099,0.2957,0.1298,0.0000,0.4343,0.0867,2,2,2,2,2,2,0,0,0,0
20005,m-710,348.7000,792.9000,0.5506,0.0052,-50.1944,0.1487,0.3303,0.4343,0.0000,0.4536,3,3,3,3,1,1,0,0,0,0
20005,m-906,328.8000,773.6000,0.7798,-0.0032,111.8014,0.3203,0.1574,0.0867,0.4536,0.0000,4,3,3,3,1,1,0,0,0,0
20006,m-213,357.8000,766.5000,0.3259,-0.0041,0.0000,0.0000,0.2225,0.2953,0.1026,0.3197,0,0,0,0,0,0,0,0,0,0
20006,m-504,354.4000,720.6000,0.5998,-0.0029,75.9638,0.2225,0.0000,0.1055,0.3196,0.1288,1,1,1,1,1,1,0,0,0,0
20006,m-608,299.8000,733.0000,0.3653,0.0011,101.3099,0.2953,0.1055,0.0000,0.3895,0.0905,2,2,2,2,2,2,0,0,0,0
20006,m-710,349.3000,792.5000,0.4985,0.0056,-33.6901,0.1026,0.3196,0.3895,0.0000,0.4087,3,3,3,3,1,1,0,0,0,0
20006,m-906,328.6000,774.1000,0.8114,-0.0010,111.8014,0.3197,0.1288,0.0905,0.4087,0.0000,4,3,3,3,1,1,0,0,0,0
20007,m-213,357.9000,766.5000,0.3669,-0.0017,0.0000,0.0000,0.2221,0.3025,0.1165,0.3099,0,0,0,0,0,0,0,0,0,0
20007,m-504,354.5000,721.0000,0.6286,-0.0049,75.9638,0.2221,0.0000,0.1123,0.3362,0.1214,1,1,1,1,1,1,0,0,0,0
20007,m-608,299.7000,733.4000,0.3541,0.0021,104.0362,0.3025,0.1123,0.0000,0.4131,0.0883,2,2,2,2,2,2,0,0,0,0
20007,m-710,349.9000,792.0000,0.4427,0.0047,-39.8056,0.1165,0.3362,0.4131,0.0000,0.4172,3,3,3,3,1,1,0,0,0,0
20007,m-906,328.4000,774.7000,0.8210,0.0004,108.4349,0.3099,0.1214,0.0883,0.4172,0.0000,4,3,3,3,1,1,0,0,0,0
20008,m-213,358.0000,766.4000,0.3844,-0.0003,-45.0000,0.0000,0.3319,0.4241,0.0341,0.4551,0,0,0,0,0,0,0,0,0,0
20008,m-504,354.6000,721.3000,0.6776,-0.0030,71.5651,0.3319,0.0000,0.1241,0.3391,0.1486,1,1,1,1,1,1,0,0,0,0
20008,m-608,299.6000,733.8000,0.3329,0.0020,104.0362,0.4241,0.1241,0.0000,0.4270,0.0956,2,2,2,2,2,2,0,0,0,0
20008,m-710,350.3000,791.6000,0.3962,0.0034,-45.0000,0.0341,0.3391,0.4270,0.0000,0.4545,3,3,3,3,1,1,0,0,0,0
20008,m-906,328.1000,775.3000,0.8172,0.0032,116.5651,0.4551,0.1486,0.0956,0.4545,0.0000,4,3,3,3,1,1,0,0,0,0
20009,m-213,358.2000,766.2000,0.3877,-0.0009,-45.0000,0.0000,0.3825,0.3860,0.0731,0.4254,0,0,0,0,0,0,0,0,0,0
20009,m-504,354.6000,721.7000,0.7076,-0.0017,90.0000,0.3825,0.0000,0.0883,0.3271,0.0906,1,1,1,1,1,1,0,0,0,0
20009,m-608,299.6000,734.2000,0.3129,0.0022,90.0000,0.3860,0.0883,0.0000,0.3270,0.0987,2,2,2,2,2,2,0,0,0,0
20009,m-710,350.8000,791.4000,0.3623,0.0043,-21.8014,0.0731,0.3271,0.3270,0.0000,0.3615,3,3,3,3,1,1,0,0,0,0
20009,m-906,327.9000,776.0000,0.7856,0.0045,105.9454,0.4254,0.0906,0.0987,0.3615,0.0000,4,3,3,3,1,1,0,0,0,0
20010,m-213,358.4000,766.1000,0.3970,-0.0002,-26.5651,0.0000,0.2822,0.3861,0.0418,0.3867,0,0,0,0,0,0,0,0,0,0
20010,m-504,354.8000,722.3000,0.7249,-0.0020,71.5651,0.2822,0.0000,0.1374,0.2709,0.1342,1,1,1,1,1,1,0,0,0,0
20010,m-608,299.5000,734.5000,0.2912,0.0027,108.4349,0.3861,0.1374,0.0000,0.3672,0.0867,2,2,2,2,2,2,0,0,0,0
20010,m-710,351.4000,791.2000,0.3191,0.0043,-18.4349,0.0418,0.2709,0.3672,0.0000,0.3649,3,3,3,3,1,1,0,0,0,0
20010,m-906,327.6000,776.8000,0.7401,0.0070,110.5560,0.3867,0.1342,0.0867,0.3649,0.0000,4,3,3,3,1,1,0,0,0,0
20011,m-213,358.6000,765.9000,0.3987,0.0016,-45.0000,0.0000,0.3567,0.4244,0.0827,0.4146,0,0,0,0,0,0,0,0,0,0
20011,m-504,354.9000,722.9000,0.7447,-0.0009,80.5377,0.3567,0.0000,0.1155,0.2953,0.1007,1,1,1,1,1,1,0,0,0,0
20011,m-608,299.4000,734.9000,0.2641,0.0030,104.0362,0.4244,0.1155,0.0000,0.3554,0.0836,2,2,2,2,2,2,0,0,0,0
20011,m-710,352.0000,791.0000,0.2758,0.0021,-18.4349,0.0827,0.2953,0.3554,0.0000,0.3425,3,3,3,3,1,1,0,0,0,0
20011,m-906,327.4000,777.7000,0.6703,0.0075,102.5288,0.4146,0.1007,0.0836,0.3425,0.0000,4,3,3,3,1,1,0,0,0,0
20012,m-213,358.9000,765.7000,0.3826,0.0012,-33.6901,0.0000,0.3298,0.3557,0.0662,0.4051,0,0,0,0,0,0,0,0,0,0
20012,m-504,355.0000,723.6000,0.7540,-0.0020,81.8699,0.3298,0.0000,0.1009,0.2879,0.1146,1,1,1,1,1,1,0,0,0,0
20012,m-608,299.4000,735.3000,0.2341,0.0020,90.0000,0.3557,0.1009,0.0000,0.3064,0.0986,2,2,2,2,2,2,0,0,0,0
20012,m-710,352.4000,790.9000,0.2546,0.0023,-14.0362,0.0662,0.2879,0.3064,0.0000,0.3515,3,3,3,3,1,1,0,0,0,0
20012,m-906,327.1000,778.5000,0.5949,0.0068,110.5560,0.4051,0.1146,0.0986,0.3515,0.0000,4,3,3,3,1,1,0,0,0,0
20013,m-213,359.2000,765.4000,0.3702,0.0026,-45.0000,0.0000,0.3573,0.3864,0.1013,0.4181,0,0,0,0,0,0,0,0,0,0
20013,m-504,355.1000,724.2000,0.7738,-0.0020,80.5377,0.3573,0.0000,0.1051,0.2784,0.1080,1,1,1,1,1,1,0,0,0,0
20013,m-608,299.4000,735.6000,0.2141,0.0008,90.0000,0.3864,0.1051,0.0000,0.2993,0.0868,2,2,2,2,2,2,0,0,0,0
20013,m-710,352.9000,790.8000,0.2319,0.0013,-11.3099,0.1013,0.2784,0.2993,0.0000,0.3255,3,3,3,3,1,1,0,0,0,0
20013,m-906,326.9000,779.3000,0.5266,0.0073,104.0362,0.4181,0.1080,0.0868,0.3255,0.0000,4,3,3,3,1,1,0,0,0,0
20014,m-213,359.5000,765.2000,0.3442,0.0040,-33.6901,0.0000,0.3530,0.3557,0.0663,0.3989,0,0,0,0,0,0,0,0,0,0
20014,m-504,355.1000,725.0000,0.7943,-0.0020,90.0000,0.3530,0.0000,0.1041,0.3105,0.1045,1,1,1,1,1,1,0,0,0,0
20014,m-608,299.4000,735.9000,0.2065,-0.0002,90.0000,0.3557,0.1041,0.0000,0.3064,0.0901,2,2,2,2,2,2,0,0,0,0
20014,m-710,353.3000,790.7000,0.2189,-0.0006,-14.0362,0.0663,0.3105,0.3064,0.0000,0.3444,3,3,3,3,1,1,0,0,0,0
20014,m-906,326.6000,780.2000,0.4540,0.0041,108.4349,0.3989,0.1045,0.0901,0.3444,0.0000,4,3,3,3,1,1,0,0,0,0
20015,m-213,359.9000,764.9000,0.3042,0.0048,-36.8699,0.0000,0.3407,0.3641,0.1087,0.3957,0,0,0,0,0,0,0,0,0,0
20015,m-504,355.2000,725.7000,0.8142,-0.0029,81.8699,0.3407,0.0000,0.1081,0.2540,0.1134,1,1,1,1,1,1,0,0,0,0
20015,m-608,299.4000,736.3000,0.2089,-0.0020,90.0000,0.3641,0.1081,0.0000,0.2697,0.0822,2,2,2,2,2,2,0,0,0,0
20015,m-710,353.6000,790.7000,0.2250,-0.0016,0.0000,0.1087,0.2540,0.2697,0.0000,0.2931,3,3,3,3,1,1,0,0,0,0
20015,m-906,326.4000,781.0000,0.4128,0.0032,104.0362,0.3957,0.1134,0.0822,0.2931,0.0000,4,3,3,3,1,1,0,0,0,0
20016,m-213,360.4000,764.6000,0.2559,0.0037,-30.9638,0.0000,0.3293,0.3480,0.0930,0.3976,0,0,0,0,0,0,0,0,0,0
20016,m-504,355.3000,726.5000,0.8435,-0.0050,82.8750,0.3293,0.0000,0.1084,0.2567,0.1259,1,1,1,1,1,1,0,0,0,0
20016,m-608,299.4000,736.6000,0.2289,-0.0024,90.0000,0.3480,0.1084,0.0000,0.2697,0.0909,2,2,2,2,2,2,0,0,0,0
20016,m-710,353.8000,790.7000,0.2410,-0.0000,0.0000,0.0930,0.2567,0.2697,0.0000,0.3107,3,3,3,3,1,1,0,0,0,0
20016,m-906,326.1000,781.8000,0.3812,0.0028,110.5560,0.3976,0.1259,0.0909,0.3107,0.0000,4,3,3,3,1,1,0,0,0,0
20017,m-213,360.9000,764.5000,0.2190,0.0017,-11.3099,0.0000,0.2986,0.2955,0.0551,0.3310,0,0,0,0,0,0,0,0,0,0
20017,m-504,355.3000,727.2000,0.8935,-0.0049,90.0000,0.2986,0.0000,0.1088,0.3447,0.1145,1,1,1,1,1,1,0,0,0,0
20017,m-608,299.4000,736.9000,0.2528,-0.0060,90.0000,0.2955,0.1088,0.0000,0.3395,0.0824,2,2,2,2,2,2,0,0,0,0
20017,m-710,354.0000,790.6000,0.2410,-0.0012,-26.5651,0.0551,0.3447,0.3395,0.0000,0.3713,3,3,3,3,1,1,0,0,0,0
20017,m-906,325.9000,782.5000,0.3531,0.0022,105.9454,0.3310,0.1145,0.0824,0.3713,0.0000,4,3,3,3,1,1,0,0,0,0
20018,m-213,361.2000,764.4000,0.2015,0.0022,-18.4349,0.0000,0.3008,0.3148,0.0626,0.3576,0,0,0,0,0,0,0,0,0,0
20018,m-504,355.4000,728.0000,0.9429,-0.0060,82.8750,0.3008,0.0000,0.1097,0.2594,0.1323,1,1,1,1,1,1,0,0,0,0
20018,m-608,299.4000,737.1000,0.3128,-0.0070,90.0000,0.3148,0.1097,0.0000,0.2697,0.0857,2,2,2,2,2,2,0,0,0,0
20018,m-710,354.1000,790.6000,0.2534,0.0010,0.0000,0.0626,0.2594,0.2697,0.0000,0.3046,3,3,3,3,1,1,0,0,0,0
20018,m-906,325.7000,783.1000,0.3311,-0.0003,108.4349,0.3576,0.1323,0.0857,0.3046,0.0000,4,3,3,3,1,1,0,0,0,0
20019,m-213,361.5000,764.3000,0.1799,0.0003,-18.4349,0.0000,0.3225,0.3156,0.0628,0.3457,0,0,0,0,0,0,0,0,0,0
20019,m-504,355.4000,728.7000,1.0029,-0.0059,90.0000,0.3225,0.0000,0.1069,0.2798,0.1226,1,1,1,1,1,1,0,0,0,0
20019,m-608,299.4000,737.3000,0.3828,-0.0104,90.0000,0.3156,0.1069,0.0000,0.2701,0.0793,2,2,2,2,2,2,0,0,0,0
20019,m-710,354.3000,790.6000,0.2434,0.0010,0.0000,0.0628,0.2798,0.2701,0.0000,0.2925,3,3,3,3,1,1,0,0,0,0
20019,m-906,325.6000,783.5000,0.3346,0.0018,104.0362,0.3457,0.1226,0.0793,0.2925,0.0000,4,3,3,3,1,1,0,0,0,0
20020,m-213,361.8000,764.2000,0.1766,0.0020,-18.4349,0.0000,0.3435,0.3170,0.0628,0.3072,0,0,0,0,0,0,0,0,0,0
20020,m-504,355.3000,729.5000,1.0623,-0.0060,97.1250,0.3435,0.0000,0.1046,0.3003,0.1246,1,1,1,1,1,1,0,0,0,0
20020,m-608,299.4000,737.4000,0.4868,-0.0116,90.0000,0.3170,0.1046,0.0000,0.2715,0.0723,2,2,2,2,2,2,0,0,0,0
20020,m-710,354.5000,790.6000,0.2334,0.0020,0.0000,0.0628,0.3003,0.2715,0.0000,0.2538,3,3,3,3,1,1,0,0,0,0
20020,m-906,325.6000,783.9000,0.3170,0.0000,90.0000,0.3072,0.1246,0.0723,0.2538,0.0000,4,3,3,3,1,1,0,0,0,0
20021,m-213,362.1000,764.2000,0.1566,-0.0002,0.0000,0.0000,0.2996,0.1632,0.0362,0.3298,0,0,0,0,0,0,0,0,0,0
20021,m-504,355.2000,730.3000,1.1220,-0.0070,97.1250,0.2996,0.0000,0.1750,0.3036,0.1393,1,1,1,1,1,1,0,0,0,0
20021,m-608,299.5000,737.5000,0.6027,-0.0129,45.0000,0.1632,0.1750,0.0000,0.1671,0.2140,2,2,2,2,2,2,0,0,0,0
20021,m-710,354.7000,790.6000,0.2134,0.0010,0.0000,0.0362,0.3036,0.1671,0.0000,0.3273,3,3,3,3,1,1,0,0,0,0
20021,m-906,325.5000,784.1000,0.3170,-0.0004,116.5651,0.3298,0.1393,0.2140,0.3273,0.0000,4,3,3,3,1,1,0,0,0,0
20022,m-213,362.3000,764.2000,0.1589,0.0008,0.0000,0.0000,0.2854,0.2754,0.0359,0.2573,0,0,0,0,0,0,0,0,0,0
20022,m-504,355.2000,731.1000,1.1920,-0.0069,90.0000,0.2854,0.0000,0.5099,0.2899,0.5191,1,1,1,1,1,1,0,0,0,0
20022,m-608,299.5000,737.4000,0.7316,-0.0146,-90.0000,0.2754,0.5099,0.0000,0.2777,0.0861,2,2,2,2,2,2,0,0,0,0
20022,m-710,354.9000,790.6000,0.2034,0.0018,0.0000,0.0359,0.2899,0.2777,0.0000,0.2541,3,3,3,3,1,1,0,0,0,0
20022,m-906,325.5000,784.0000,0.3211,0.0004,-90.0000,0.2573,0.5191,0.0861,0.2541,0.0000,4,3,3,3,1,1,0,0,0,0
20023,m-213,362.6000,764.2000,0.1513,-0.0022,0.0000,0.0000,0.3071,0.5173,0.1304,0.1382,0,0,0,0,0,0,0,0,0,0
20023,m-504,355.1000,731.9000,1.2614,-0.0050,97.1250,0.3071,0.0000,0.2467,0.2122,0.4203,1,1,1,1,1,1,0,0,0,0
20023,m-608,299.4000,737.4000,0.8778,-0.0155,180.0000,0.5173,0.2467,0.0000,0.3986,0.6344,2,2,2,2,2,2,0,0,0,0
20023,m-710,355.1000,790.8000,0.1851,0.0014,45.0000,0.1304,0.2122,0.3986,0.0000,0.2543,3,3,3,3,1,1,0,0,0,0
20023,m-906,325.6000,783.9000,0.3170,-0.0008,-45.0000,0.1382,0.4203,0.6344,0.2543,0.0000,4,3,3,3,1,1,0,0,0,0
20024,m-213,362.7000,764.2000,0.1729,-0.0022,0.0000,0.0000,0.2777,0.4497,0.1304,0.1858,0,0,0,0,0,0,0,0,0,0
20024,m-504,355.2000,732.9000,1.3109,-0.0050,84.2894,0.2777,0.0000,0.2089,0.1949,0.4363,1,1,1,1,1,1,0,0,0,0
20024,m-608,299.2000,737.5000,1.0323,-0.0130,153.4349,0.4497,0.2089,0.0000,0.3361,0.6144,2,2,2,2,2,2,0,0,0,0
20024,m-710,355.3000,791.0000,0.1710,0.0016,45.0000,0.1304,0.1949,0.3361,0.0000,0.3052,3,3,3,3,1,1,0,0,0,0
20024,m-906,325.7000,783.7000,0.3246,0.0021,-63.4349,0.1858,0.4363,0.6144,0.3052,0.0000,4,3,3,3,1,1,0,0,0,0
20025,m-213,362.8000,764.2000,0.1945,-0.0022,0.0000,0.0000,0.3081,0.4051,0.1007,0.2188,0,0,0,0,0,0,0,0,0,0
20025,m-504,355.1000,733.8000,1.3607,-0.0010,96.3402,0.3081,0.0000,0.1325,0.2423,0.5034,1,1,1,1,1,1,0,0,0,0
20025,m-608,298.9000,737.8000,1.1620,-0.0116,135.0000,0.4051,0.1325,0.0000,0.3251,0.6013,2,2,2,2,2,2,0,0,0,0
20025,m-710,355.6000,791.2000,0.1549,0.0016,33.6901,0.1007,0.2423,0.3251,0.0000,0.3086,3,3,3,3,1,1,0,0,0,0
20025,m-906,325.8000,783.3000,0.3034,0.0013,-75.9638,0.2188,0.5034,0.6013,0.3086,0.0000,4,3,3,3,1,1,0,0,0,0
20026,m-213,362.9000,764.2000,0.2162,-0.0006,0.0000,0.0000,0.2920,0.3881,0.1613,0.1976,0,0,0,0,0,0,0,0,0,0
20026,m-504,355.1000,734.9000,1.3707,0.0029,90.0000,0.2920,0.0000,0.1268,0.1947,0.4666,1,1,1,1,1,1,0,0,0,0
20026,m-608,298.6000,738.2000,1.2784,-0.0099,126.8699,0.3881,0.1268,0.0000,0.2631,0.5613,2,2,2,2,2,2,0,0,0,0
20026,m-710,355.8000,791.5000,0.1389,0.0012,56.3099,0.1613,0.1947,0.2631,0.0000,0.3497,3,3,3,3,1,1,0,0,0,0
20026,m-906,326.0000,782.8000,0.2908,0.0003,-68.1986,0.1976,0.4666,0.5613,0.3497,0.0000,4,3,3,3,1,1,0,0,0,0
20027,m-213,362.8000,764.1000,0.2220,-0.0017,-135.0000,0.0000,0.6433,0.7082,0.5541,0.2064,0,0,0,0,0,0,0,0,0,0
20027,m-504,355.1000,736.1000,1.3413,0.0048,90.0000,0.6433,0.0000,0.0956,0.1837,0.4528,1,1,1,1,1,1,0,0,0,0
20027,m-608,298.4000,738.7000,1.3772,-0.0078,111.8014,0.7082,0.0956,0.0000,0.2300,0.5112,2,2,2,2,2,2,0,0,0,0
20027,m-710,355.9000,791.7000,0.1265,0.0002,63.4349,0.5541,0.1837,0.2300,0.0000,0.3563,3,3,3,3,1,1,0,0,0,0
20027,m-906,326.2000,782.4000,0.2873,0.0000,-63.4349,0.2064,0.4528,0.5112,0.3563,0.0000,4,3,3,3,1,1,0,0,0,0
20028,m-213,362.7000,764.0000,0.2395,-0.0026,-135.0000,0.0000,0.6414,0.6511,0.5542,0.1728,0,0,0,0,0,0,0,0,0,0
20028,m-504,355.1000,737.4000,1.2937,0.0060,90.0000,0.6414,0.0000,0.0764,0.1785,0.4840,1,1,1,1,1,1,0,0,0,0
20028,m-608,298.4000,739.5000,1.4553,-0.0049,90.0000,0.6511,0.0764,0.0000,0.2083,0.4893,2,2,2,2,2,2,0,0,0,0
20028,m-710,356.0000,791.9000,0.1241,0.0000,63.4349,0.5542,0.1785,0.2083,0.0000,0.3909,3,3,3,3,1,1,0,0,0,0
20028,m-906,326.3000,782.0000,0.2873,-0.0005,-75.9638,0.1728,0.4840,0.4893,0.3909,0.0000,4,3,3,3,1,1,0,0,0,0
20029,m-213,362.7000,763.9000,0.2656,-0.0013,-90.0000,0.0000,0.5169,0.5322,0.5031,0.0907,0,0,0,0,0,0,0,0,0,0
20029,m-504,355.1000,738.7000,1.2337,0.0089,90.0000,0.5169,0.0000,0.0810,0.1550,0.4483,1,1,1,1,1,1,0,0,0,0
20029,m-608,298.4000,740.4000,1.5042,-0.0011,90.0000,0.5322,0.0810,0.0000,0.1996,0.4580,2,2,2,2,2,2,0,0,0,0
20029,m-710,356.0000,792.0000,0.1241,0.0000,90.0000,0.5031,0.1550,0.1996,0.0000,0.4298,3,3,3,3,1,1,0,0,0,0
20029,m-906,326.5000,781.6000,0.2926,-0.0014,-63.4349,0.0907,0.4483,0.4580,0.4298,0.0000,4,3,3,3,1,1,0,0,0,0
20030,m-213,362.5000,763.7000,0.2785,-0.0040,-135.0000,0.0000,0.6368,0.6107,0.6281,0.2060,0,0,0,0,0,0,0,0,0,0
20030,m-504,355.1000,740.1000,1.1447,0.0087,90.0000,0.6368,0.0000,0.0965,0.1443,0.4448,1,1,1,1,1,1,0,0,0,0
20030,m-608,298.7000,741.5000,1.5155,0.0013,74.7449,0.6107,0.0965,0.0000,0.2048,0.4183,2,2,2,2,2,2,0,0,0,0
20030,m-710,356.0000,792.1000,0.1241,-0.0010,90.0000,0.6281,0.1443,0.2048,0.0000,0.4299,3,3,3,3,1,1,0,0,0,0
20030,m-906,326.6000,781.4000,0.3063,-0.0009,-63.4349,0.2060,0.4448,0.4183,0.4299,0.0000,4,3,3,3,1,1,0,0,0,0
20031,m-213,362.4000,763.7000,0.3185,-0.0048,180.0000,0.0000,0.2796,0.3575,0.5033,0.6800,0,0,0,0,0,0,0,0,0,0
20031,m-504,355.2000,741.5000,1.0582,0.0122,85.9144,0.2796,0.0000,0.1050,0.2737,0.4309,1,1,1,1,1,1,0,0,0,0
20031,m-608,299.2000,742.7000,1.5021,0.0049,67.3801,0.3575,0.1050,0.0000,0.2721,0.3982,2,2,2,2,2,2,0,0,0,0
20031,m-710,356.0000,792.1000,0.1341,0.0000,0.0000,0.5033,0.2737,0.2721,0.0000,0.1827,3,3,3,3,1,1,0,0,0,0
20031,m-906,326.7000,781.2000,0.3155,-0.0016,-63.4349,0.6800,0.4309,0.3982,0.1827,0.0000,4,3,3,3,1,1,0,0,0,0
20032,m-213,362.2000,763.6000,0.3668,-0.0038,-153.4349,0.0000,0.6824,0.6150,0.1830,0.3064,0,0,0,0,0,0,0,0,0,0
20032,m-504,355.2000,743.0000,0.9365,0.0114,90.0000,0.6824,0.0000,0.1282,0.5152,0.3885,1,1,1,1,1,1,0,0,0,0
20032,m-608,299.9000,743.9000,1.4526,0.0071,59.7436,0.6150,0.1282,0.0000,0.4586,0.3291,2,2,2,2,2,2,0,0,0,0
20032,m-710,356.0000,792.0000,0.1341,-0.0004,-90.0000,0.1830,0.5152,0.4586,0.0000,0.1340,3,3,3,3,1,1,0,0,0,0
20032,m-906,326.8000,781.1000,0.3314,-0.0032,-45.0000,0.3064,0.3885,0.3291,0.1340,0.0000,4,3,3,3,1,1,0,0,0,0
20033,m-213,362.0000,763.5000,0.4045,-0.0041,-153.4349,0.0000,0.6806,0.5861,0.1837,0.4304,0,0,0,0,0,0,0,0,0,0
20033,m-504,355.2000,744.5000,0.8226,0.0105,90.0000,0.6806,0.0000,0.1489,0.5123,0.2641,1,1,1,1,1,1,0,0,0,0
20033,m-608,300.9000,745.1000,1.3819,0.0123,50.1944,0.5861,0.1489,0.0000,0.4307,0.1977,-1,2,2,2,2,2,0,0,0,0
20033,m-710,356.0000,791.9000,0.1383,0.0000,-90.0000,0.1837,0.5123,0.4307,0.0000,0.2555,3,3,3,3,1,1,0,0,0,0
20033,m-906,326.9000,781.1000,0.3638,-0.0020,0.0000,0.4304,0.2641,0.1977,0.2555,0.0000,4,3,3,3,1,1,0,0,0,0
20034,m-213,361.7000,763.4000,0.4457,-0.0051,-161.5651,0.0000,0.7019,0.5836,0.0914,0.7026,0,0,0,0,0,0,0,0,0,0
20034,m-504,355.2000,746.0000,0.7173,0.0098,90.0000,0.7019,0.0000,0.1633,0.6337,0.0720,1,1,1,1,1,1,0,0,0,0
20034,m-608,302.2000,746.3000,1.2588,0.0131,42.7094,0.5836,0.1633,0.0000,0.5225,0.1801,-1,2,2,2,2,2,0,0,0,0
20034,m-710,355.9000,791.8000,0.1383,0.0006,-135.0000,0.0914,0.6337,0.5225,0.0000,0.6287,3,3,3,3,1,1,0,0,0,0
20034,m-906,326.9000,781.4000,0.3838,-0.0043,90.0000,0.7026,0.0720,0.1801,0.6287,0.0000,4,3,3,3,1,1,0,0,0,0
20035,m-213,361.4000,763.3000,0.4965,-0.0061,-161.5651,0.0000,0.6899,0.5601,0.2079,0.7026,0,0,0,0,0,0,0,0,0,0
20035,m-504,355.3000,747.4000,0.6193,0.0075,85.9144,0.6899,0.0000,0.1681,0.4971,0.0634,1,1,1,1,1,1,0,0,0,0
20035,m-608,303.6000,747.3000,1.1280,0.0136,35.5377,0.5601,0.1681,0.0000,0.3817,0.1833,-1,2,2,2,2,2,0,0,0,0
20035,m-710,355.9000,791.6000,0.1324,-0.0012,-90.0000,0.2079,0.4971,0.3817,0.0000,0.5043,3,3,3,3,1,1,0,0,0,0
20035,m-906,326.9000,781.6000,0.4270,-0.0022,90.0000,0.7026,0.0634,0.1833,0.5043,0.0000,4,3,3,3,1,1,0,0,0,0
20036,m-213,361.1000,763.2000,0.5571,-0.0092,-161.5651,0.0000,0.7010,0.5491,0.2092,0.6637,0,0,0,0,0,0,0,0,0,0
20036,m-504,355.3000,748.6000,0.5441,0.0046,90.0000,0.7010,0.0000,0.1812,0.5069,0.0699,1,1,1,1,1,1,0,0,0,0
20036,m-608,305.0000,748.2000,0.9916,0.0124,32.7352,0.5491,0.1812,0.0000,0.3682,0.1478,-1,2,2,2,2,2,0,0,0,0
20036,m-710,355.9000,791.4000,0.1440,-0.0022,-90.0000,0.2092,0.5069,0.3682,0.0000,0.4655,3,3,3,3,1,1,0,0,0,0
20036,m-906,327.0000,782.0000,0.4491,-0.0022,75.9638,0.6637,0.0699,0.1478,0.4655,0.0000,4,3,3,3,1,1,0,0,0,0
20037,m-213,360.9000,763.2000,0.6489,-0.0073,180.0000,0.0000,0.2697,0.4207,0.7554,0.2950,0,0,0,0,0,0,0,0,0,0
20037,m-504,355.4000,749.5000,0.4982,0.0068,83.6598,0.2697,0.0000,0.1650,0.4885,0.0603,1,1,1,1,1,1,0,0,0,0
20037,m-608,306.3000,749.0000,0.8672,0.0138,31.6075,0.4207,0.1650,0.0000,0.3600,0.1425,-1,2,2,2,2,2,0,0,0,0
20037,m-710,355.9000,791.3000,0.1657,-0.0021,-90.0000,0.7554,0.4885,0.3600,0.0000,0.4655,3,3,3,3,1,1,0,0,0,0
20037,m-906,327.1000,782.4000,0.4711,-0.0029,75.9638,0.2950,0.0603,0.1425,0.4655,0.0000,4,3,3,3,1,1,0,0,0,0
20038,m-213,360.6000,763.1000,0.7217,-0.0074,-161.5651,0.0000,0.6629,0.5512,0.2135,0.6641,0,0,0,0,0,0,0,0,0,0
20038,m-504,355.6000,750.3000,0.4299,0.0034,75.9638,0.6629,0.0000,0.1360,0.4663,0.0566,1,1,1,1,1,1,0,0,0,0
20038,m-608,307.6000,749.9000,0.7291,0.0117,34.6952,0.5512,0.1360,0.0000,0.3633,0.1284,5,2,2,2,2,2,0,0,0,0
20038,m-710,355.9000,791.1000,0.1869,-0.0022,-90.0000,0.2135,0.4663,0.3633,0.0000,0.4656,3,3,3,3,1,1,0,0,0,0
20038,m-906,327.2000,782.8000,0.4998,-0.0021,75.9638,0.6641,0.0566,0.1284,0.4656,0.0000,4,3,3,3,1,1,0,0,0,0
20039,m-213,360.3000,762.9000,0.7961,-0.0049,-146.3099,0.0000,0.6603,0.4971,0.1771,0.5588,0,0,0,0,0,0,0,0,0,0
20039,m-504,355.6000,751.0000,0.3960,0.0029,90.0000,0.6603,0.0000,0.1792,0.5046,0.1177,1,1,1,1,1,1,0,0,0,0
20039,m-608,308.8000,750.6000,0.6125,0.0105,30.2564,0.4971,0.1792,0.0000,0.3482,0.0810,5,2,2,2,2,2,0,0,0,0
20039,m-710,355.9000,791.0000,0.2085,-0.0022,-90.0000,0.1771,0.5046,0.3482,0.0000,0.4024,3,3,3,3,1,1,0,0,0,0
20039,m-906,327.5000,783.2000,0.5206,-0.0044,53.1301,0.5588,0.1177,0.0810,0.4024,0.0000,4,3,3,3,1,1,0,0,0,0
20040,m-213,359.9000,762.8000,0.8454,-0.0020,-165.9638,0.0000,0.6843,0.5477,0.2281,0.5594,0,0,0,0,0,0,0,0,0,0
20040,m-504,355.7000,751.5000,0.3673,0.0018,78.6901,0.6843,0.0000,0.1526,0.4729,0.1390,1,1,1,1,1,1,0,0,0,0
20040,m-608,309.9000,751.2000,0.5072,0.0085,28.6105,0.5477,0.1526,0.0000,0.3414,0.0503,5,2,2,2,2,2,0,0,0,0
20040,m-710,355.9000,790.9000,0.2301,-0.0010,-90.0000,0.2281,0.4729,0.3414,0.0000,0.3491,3,3,3,3,1,1,0,0,0,0
20040,m-906,327.8000,783.4000,0.5645,-0.0048,33.6901,0.5594,0.1390,0.0503,0.3491,0.0000,4,3,3,3,1,1,0,0,0,0
20041,m-213,359.4000,762.8000,0.8654,0.0010,180.0000,0.0000,0.3184,0.4238,0.7570,0.4538,0,0,0,0,0,0,0,0,0,0
20041,m-504,355.9000,752.0000,0.3495,0.0018,68.1986,0.3184,0.0000,0.1194,0.4437,0.1525,1,1,1,1,1,1,0,0,0,0
20041,m-608,310.9000,751.8000,0.4222,0.0069,30.9638,0.4238,0.1194,0.0000,0.3464,0.0630,5,2,2,2,2,2,0,0,0,0
20041,m-710,355.9000,790.8000,0.2401,0.0000,-90.0000,0.7570,0.4437,0.3464,0.0000,0.3079,3,3,3,3,1,1,0,0,0,0
20041,m-906,328.1000,783.5000,0.6129,-0.0060,18.4349,0.4538,0.1525,0.0630,0.3079,0.0000,4,3,3,3,1,1,0,0,0,0
20042,m-213,358.7000,762.9000,0.8555,0.0009,171.8699,0.0000,0.3597,0.4143,0.0881,0.4816,0,0,0,0,0,0,0,0,0,0
20042,m-504,356.1000,752.2000,0.3313,0.0014,45.0000,0.3597,0.0000,0.0772,0.3795,0.1431,1,1,1,1,1,1,0,0,0,0
20042,m-608,311.7000,752.2000,0.3528,0.0063,26.5651,0.4143,0.0772,0.0000,0.4343,0.0959,5,2,2,2,2,2,0,0,0,0
20042,m-710,355.8000,790.8000,0.2401,0.0004,180.0000,0.0881,0.3795,0.4343,0.0000,0.5056,3,3,3,3,1,1,0,0,0,0
20042,m-906,328.4000,783.5000,0.6729,-0.0038,0.0000,0.4816,0.1431,0.0959,0.5056,0.0000,4,3,3,3,1,1,0,0,0,0
20043,m-213,358.1000,762.9000,0.8465,0.0045,180.0000,0.0000,0.4131,0.4536,0.8815,0.6287,0,0,0,0,0,0,0,0,0,0
20043,m-504,356.4000,752.4000,0.3176,-0.0005,33.6901,0.4131,0.0000,0.0678,0.4726,0.2310,1,1,1,1,1,1,0,0,0,0
20043,m-608,312.5000,752.5000,0.2897,0.0031,20.5560,0.4536,0.0678,0.0000,0.4397,0.1953,5,2,2,2,2,2,0,0,0,0
20043,m-710,355.7000,790.7000,0.2360,0.0004,-135.0000,0.8815,0.4726,0.4397,0.0000,0.2602,3,3,3,3,1,1,0,0,0,0
20043,m-906,328.7000,783.2000,0.7111,-0.0040,-45.0000,0.6287,0.2310,0.1953,0.2602,0.0000,4,3,3,3,1,1,0,0,0,0
20044,m-213,357.4000,763.1000,0.8020,0.0062,164.0546,0.0000,0.2869,0.4064,0.1137,0.6066,0,0,0,0,0,0,0,0,0,0
20044,m-504,356.6000,752.8000,0.3228,0.0011,63.4349,0.2869,0.0000,0.1293,0.2056,0.3333,1,1,1,1,1,1,0,0,0,0
20044,m-608,313.0000,752.7000,0.2582,0.0019,21.8014,0.4064,0.1293,0.0000,0.3239,0.2221,5,2,2,2,2,2,0,0,0,0
20044,m-710,355.6000,790.8000,0.2319,-0.0006,135.0000,0.1137,0.2056,0.3239,0.0000,0.5293,3,3,3,3,1,1,0,0,0,0
20044,m-906,329.0000,782.8000,0.7511,-0.0017,-53.1301,0.6066,0.3333,0.2221,0.5293,0.0000,4,3,3,3,1,1,0,0,0,0
20045,m-213,356.6000,763.3000,0.7395,0.0064,165.9638,0.0000,0.3414,0.4317,0.1125,0.6630,0,0,0,0,0,0,0,0,0,0
20045,m-504,356.9000,753.1000,0.3120,-0.0006,45.0000,0.3414,0.0000,0.1035,0.2556,0.3338,1,1,1,1,1,1,0,0,0,0
20045,m-608,313.4000,752.8000,0.2393,0.0008,14.0362,0.4317,0.1035,0.0000,0.3449,0.2512,5,2,2,2,2,2,0,0,0,0
20045,m-710,355.5000,790.9000,0.2377,0.0000,135.0000,0.1125,0.2556,0.3449,0.0000,0.5803,3,3,3,3,1,1,0,0,0,0
20045,m-906,329.2000,782.2000,0.7684,0.0003,-71.5651,0.6630,0.3338,0.2512,0.5803,0.0000,4,3,3,3,1,1,0,0,0,0
20046,m-213,355.7000,763.5000,0.6756,0.0069,167.4712,0.0000,0.2935,0.4731,0.1770,0.6672,0,0,0,0,0,0,0,0,0,0
20046,m-504,357.1000,753.5000,0.3183,0.0022,63.4349,0.2935,0.0000,0.1858,0.1349,0.3836,1,1,1,1,1,1,0,0,0,0
20046,m-608,313.7000,752.8000,0.2317,0.0018,0.0000,0.4731,0.1858,0.0000,0.3108,0.2145,5,2,2,2,2,2,0,0,0,0
20046,m-710,355.4000,791.2000,0.2377,-0.0008,108.4349,0.1770,0.1349,0.3108,0.0000,0.5070,3,3,3,3,1,1,0,0,0,0
20046,m-906,329.4000,781.6000,0.7652,0.0003,-71.5651,0.6672,0.3836,0.2145,0.5070,0.0000,4,3,3,3,1,1,0,0,0,0
20047,m-213,354.6000,763.7000,0.6062,0.0046,169.6952,0.0000,0.2988,0.6025,0.1801,0.6734,0,0,0,0,0,0,0,0,0,0
20047,m-504,357.3000,753.9000,0.2959,-0.0008,63.4349,0.2988,0.0000,0.3074,0.1346,0.3838,1,1,1,1,1,1,0,0,0,0
20047,m-608,313.9000,752.6000,0.2134,-0.0002,-45.0000,0.6025,0.3074,0.0000,0.4337,0.1093,5,2,2,2,2,2,0,0,0,0
20047,m-710,355.3000,791.5000,0.2461,0.0005,108.4349,0.1801,0.1346,0.4337,0.0000,0.5068,3,3,3,3,1,1,0,0,0,0
20047,m-906,329.6000,781.0000,0.7620,0.0038,-71.5651,0.6734,0.3838,0.1093,0.5068,0.0000,4,3,3,3,1,1,0,0,0,0
20048,m-213,353.6000,764.0000,0.5601,0.0046,163.3008,0.0000,0.3314,0.7089,0.1736,0.7068,0,0,0,0,0,0,0,0,0,0
20048,m-504,357.4000,754.0000,0.3042,-0.0009,45.0000,0.3314,0.0000,0.3804,0.1718,0.3829,1,1,1,1,1,1,0,0,0,0
20048,m-608,313.9000,752.4000,0.2158,0.0002,-90.0000,0.7089,0.3804,0.0000,0.5455,0.0759,5,2,2,2,2,2,0,0,0,0
20048,m-710,355.2000,791.9000,0.2409,-0.0013,104.0362,0.1736,0.1718,0.5455,0.0000,0.5451,3,3,3,3,1,1,0,0,0,0
20048,m-906,329.6000,780.3000,0.7236,0.0048,-90.0000,0.7068,0.3829,0.0759,0.5451,0.0000,4,3,3,3,1,1,0,0,0,0
20049,m-213,352.5000,764.1000,0.5137,0.0020,174.8056,0.0000,0.3313,0.6667,0.1912,0.7161,0,0,0,0,0,0,0,0,0,0
20049,m-504,357.6000,754.3000,0.3128,-0.0000,56.3099,0.3313,0.0000,0.3385,0.1535,0.3906,1,1,1,1,1,1,0,0,0,0
20049,m-608,314.0000,752.2000,0.2134,0.0010,-63.4349,0.6667,0.3385,0.0000,0.4845,0.0874,5,2,2,2,2,2,0,0,0,0
20049,m-710,355.1000,792.2000,0.2540,-0.0018,108.4349,0.1912,0.1535,0.4845,0.0000,0.5340,3,3,3,3,1,1,0,0,0,0
20049,m-906,329.7000,779.6000,0.6752,0.0070,-81.8699,0.7161,0.3906,0.0874,0.5340,0.0000,4,3,3,3,1,1,0,0,0,0
20050,m-213,351.6000,764.2000,0.4939,0.0006,173.6598,0.0000,0.3082,0.7371,0.1874,0.7353,0,0,0,0,0,0,0,0,0,0
20050,m-504,357.7000,754.5000,0.3128,-0.0015,63.4349,0.3082,0.0000,0.4314,0.1348,0.4316,1,1,1,1,1,1,0,0,0,0
20050,m-608,314.0000,752.0000,0.2034,0.0009,-90.0000,0.7371,0.4314,0.0000,0.5578,0.0644,5,2,2,2,2,2,0,0,0,0
20050,m-710,355.0000,792.5000,0.2724,-0.0044,108.4349,0.1874,0.1348,0.5578,0.0000,0.5555,3,3,3,3,1,1,0,0,0,0
20050,m-906,329.7000,778.8000,0.6052,0.0066,-90.0000,0.7353,0.4316,0.0644,0.5555,0.0000,4,3,3,3,1,1,0,0,0,0
20051,m-213,350.9000,764.2000,0.4879,0.0018,180.0000,0.0000,0.3454,0.8058,0.2543,0.7528,0,0,0,0,0,0,0,0,0,0
20051,m-504,357.9000,754.8000,0.3278,-0.0057,56.3099,0.3454,0.0000,0.4627,0.1060,0.4111,1,1,1,1,1,1,0,0,0,0
20051,m-608,313.9000,751.7000,0.1942,0.0006,-108.4349,0.8058,0.4627,0.0000,0.5580,0.0780,5,2,2,2,2,2,0,0,0,0
20051,m-710,355.0000,792.7000,0.3164,-0.0062,90.0000,0.2543,0.1060,0.5580,0.0000,0.5036,3,3,3,3,1,1,0,0,0,0
20051,m-906,329.7000,778.0000,0.5394,0.0068,-90.0000,0.7528,0.4111,0.0780,0.5036,0.0000,4,3,3,3,1,1,0,0,0,0
20052,m-213,350.3000,764.1000,0.4695,-0.0006,-170.5377,0.0000,0.4754,0.2325,0.7268,0.2265,0,0,0,0,0,0,0,0,0,0
20052,m-504,358.0000,754.8000,0.3848,-0.0045,0.0000,0.4754,0.0000,0.2583,0.2555,0.2552,1,1,1,1,1,1,0,0,0,0
20052,m-608,313.9000,751.5000,0.1883,0.0012,-90.0000,0.2325,0.2583,0.0000,0.5076,0.0527,5,2,2,2,2,2,0,0,0,0
20052,m-710,355.0000,792.8000,0.3785,-0.0062,90.0000,0.7268,0.2555,0.5076,0.0000,0.5030,3,3,3,3,1,1,0,0,0,0
20052,m-906,329.7000,777.1000,0.4717,0.0051,-90.0000,0.2265,0.2552,0.0527,0.5030,0.0000,4,3,3,3,1,1,0,0,0,0
20053,m-213,349.8000,764.0000,0.4751,-0.0008,-168.6901,0.0000,0.2937,0.1579,0.7216,0.2018,0,0,0,0,0,0,0,0,0,0
20053,m-504,358.1000,754.6000,0.4296,0.0000,-63.4349,0.2937,0.0000,0.1620,0.4303,0.1047,1,1,1,1,1,1,0,0,0,0
20053,m-608,313.8000,751.3000,0.1759,-0.0000,-116.5651,0.1579,0.1620,0.0000,0.5813,0.0731,5,2,2,2,2,2,0,0,0,0
20053,m-710,355.0000,792.9000,0.4407,-0.0076,90.0000,0.7216,0.4303,0.5813,0.0000,0.5227,3,3,3,3,1,1,0,0,0,0
20053,m-906,329.6000,776.3000,0.4211,0.0070,-97.1250,0.2018,0.1047,0.0731,0.5227,0.0000,4,3,3,3,1,1,0,0,0,0
20054,m-213,349.6000,763.8000,0.4828,-0.0012,-135.0000,0.0000,0.1266,0.0809,0.1311,0.1299,0,0,0,0,0,0,0,0,0,0
20054,m-504,358.1000,754.1000,0.4296,-0.0027,-90.0000,0.1266,0.0000,0.0991,0.0514,0.0472,1,1,1,1,1,1,0,0,0,0
20054,m-608,313.7000,751.1000,0.1759,0.0002,-116.5651,0.0809,0.0991,0.0000,0.1143,0.0858,5,2,2,2,2,2,0,0,0,0
20054,m-710,355.0000,792.8000,0.5167,-0.0072,-90.0000,0.1311,0.0514,0.1143,0.0000,0.0450,3,3,3,3,1,1,0,0,0,0
20054,m-906,329.6000,775.4000,0.3511,0.0066,-90.0000,0.1299,0.0472,0.0858,0.0450,0.0000,4,3,3,3,1,1,0,0,0,0
20055,m-213,349.6000,763.6000,0.4945,0.0008,-90.0000,0.0000,0.0543,0.0977,0.0400,0.0443,0,0,0,0,0,0,0,0,0,0
20055,m-504,358.2000,753.8000,0.4563,-0.0038,-71.5651,0.0543,0.0000,0.1426,0.0738,0.0874,1,1,1,1,1,1,0,0,0,0
20055,m-608,313.6000,750.9000,0.1736,0.0012,-116.5651,0.0977,0.1426,0.0000,0.1182,0.0670,5,2,2,2,2,2,0,0,0,0
20055,m-710,355.0000,792.6000,0.5889,-0.0053,-90.0000,0.0400,0.0738,0.1182,0.0000,0.0590,3,3,3,3,1,1,0,0,0,0
20055,m-906,329.5000,774.6000,0.2846,0.0040,-97.1250,0.0443,0.0874,0.0670,0.0590,0.0000,4,3,3,3,1,1,0,0,0,0
20056,m-213,349.8000,763.4000,0.4862,0.0028,-45.0000,0.0000,0.0954,0.2095,0.0854,0.1323,0,0,0,0,0,0,0,0,0,0
20056,m-504,358.3000,753.3000,0.4947,-0.0063,-78.6901,0.0954,0.0000,0.1275,0.0574,0.0639,1,1,1,1,1,1,0,0,0,0
20056,m-608,313.5000,750.7000,0.1612,-0.0012,-116.5651,0.2095,0.1275,0.0000,0.1586,0.0832,5,2,2,2,2,2,0,0,0,0
20056,m-710,355.1000,792.3000,0.6421,-0.0045,-71.5651,0.0854,0.0574,0.1586,0.0000,0.0823,3,3,3,3,1,1,0,0,0,0
20056,m-906,329.5000,774.0000,0.2446,0.0046,-90.0000,0.1323,0.0639,0.0832,0.0823,0.0000,4,3,3,3,1,1,0,0,0,0
20057,m-213,350.1000,763.1000,0.4579,0.0048,-45.0000,0.0000,0.0555,0.1396,0.1340,0.1329,0,0,0,0,0,0,0,0,0,0
20057,m-504,358.5000,753.2000,0.5578,-0.0063,-26.5651,0.0555,0.0000,0.1922,0.1844,0.1880,1,1,1,1,1,1,0,0,0,0
20057,m-608,313.5000,750.6000,0.1736,0.0008,-90.0000,0.1396,0.1922,0.0000,0.0995,0.0362,5,2,2,2,2,2,0,0,0,0
20057,m-710,355.1000,791.9000,0.6870,-0.0036,-90.0000,0.1340,0.1844,0.0995,0.0000,0.0735,3,3,3,3,1,1,0,0,0,0
20057,m-906,329.5000,773.4000,0.1988,-0.0004,-90.0000,0.1329,0.1880,0.0362,0.0735,0.0000,4,3,3,3,1,1,0,0,0,0
20058,m-213,350.6000,762.8000,0.4096,0.0050,-30.9638,0.0000,0.0334,0.2457,0.0891,0.1199,0,0,0,0,0,0,0,0,0,0
20058,m-504,358.7000,753.1000,0.6209,-0.0036,-26.5651,0.0334,0.0000,0.2637,0.0976,0.1433,1,1,1,1,1,1,0,0,0,0
20058,m-608,313.4000,750.4000,0.1654,-0.0030,-116.5651,0.2457,0.2637,0.0000,0.1971,0.1305,5,2,2,2,2,2,0,0,0,0
20058,m-710,355.3000,791.6000,0.7230,-0.0019,-56.3099,0.0891,0.0976,0.1971,0.0000,0.0879,3,3,3,3,1,1,0,0,0,0
20058,m-906,329.6000,773.1000,0.2032,-0.0019,-71.5651,0.1199,0.1433,0.1305,0.0879,0.0000,4,3,3,3,1,1,0,0,0,0
20059,m-213,351.1000,762.4000,0.3597,0.0048,-38.6598,0.0000,0.0800,0.1533,0.0921,0.0776,0,0,0,0,0,0,0,0,0,0
20059,m-504,358.9000,752.7000,0.6568,-0.0036,-63.4349,0.0800,0.0000,0.1109,0.0511,0.0713,1,1,1,1,1,1,0,0,0,0
20059,m-608,313.4000,750.2000,0.1954,-0.0048,-90.0000,0.1533,0.1109,0.0000,0.1263,0.0824,5,2,2,2,2,2,0,0,0,0
20059,m-710,355.5000,791.2000,0.7423,0.0009,-63.4349,0.0921,0.0511,0.1263,0.0000,0.0769,3,3,3,3,1,1,0,0,0,0
20059,m-906,329.7000,772.9000,0.2221,-0.0051,-63.4349,0.0776,0.0713,0.0824,0.0769,0.0000,4,3,3,3,1,1,0,0,0,0
20060,m-213,351.6000,761.9000,0.3113,0.0054,-45.0000,0.0000,0.0718,0.1359,0.0688,0.3774,0,0,0,0,0,0,0,0,0,0
20060,m-504,359.1000,752.6000,0.6927,-0.0006,-26.5651,0.0718,0.0000,0.1947,0.0892,0.3322,1,1,1,1,1,1,0,0,0,0
20060,m-608,313.4000,750.1000,0.2437,-0.0050,-90.0000,0.1359,0.1947,0.0000,0.1418,0.5027,5,2,2,2,2,2,0,0,0,0
20060,m-710,355.8000,790.8000,0.7336,0.0042,-53.1301,0.0688,0.0892,0.1418,0.0000,0.4049,3,3,3,3,1,1,0,0,0,0
20060,m-906,329.7000,773.0000,0.2729,-0.0046,90.0000,0.3774,0.3322,0.5027,0.4049,0.0000,4,3,3,3,1,1,0,0,0,0
20061,m-213,352.1000,761.5000,0.2573,0.0020,-38.6598,0.0000,0.1253,0.2233,0.0750,0.2354,0,0,0,0,0,0,0,0,0,0
20061,m-504,359.2000,752.1000,0.6983,-0.0009,-78.6901,0.1253,0.0000,0.1313,0.0909,0.3509,1,1,1,1,1,1,0,0,0,0
20061,m-608,313.3000,749.9000,0.2941,-0.0078,-116.5651,0.2233,0.1313,0.0000,0.2033,0.4515,5,2,2,2,2,2,0,0,0,0
20061,m-710,356.2000,790.3000,0.6919,0.0042,-51.3402,0.0750,0.0909,0.2033,0.0000,0.2754,3,3,3,3,1,1,0,0,0,0
20061,m-906,329.8000,773.1000,0.3188,-0.0058,45.0000,0.2354,0.3509,0.4515,0.2754,0.0000,4,3,3,3,1,1,0,0,0,0
20062,m-213,352.4000,761.2000,0.2373,0.0057,-45.0000,0.0000,0.0796,0.2568,0.0710,0.4516,0,0,0,0,0,0,0,0,0,0
20062,m-504,359.5000,751.5000,0.7074,0.0003,-63.4349,0.0796,0.0000,0.2124,0.0539,0.5053,1,1,1,1,1,1,0,0,0,0
20062,m-608,313.2000,749.8000,0.3722,-0.0072,-135.0000,0.2568,0.2124,0.0000,0.2347,0.7017,5,2,2,2,2,2,0,0,0,0
20062,m-710,356.6000,789.7000,0.6498,0.0022,-56.3099,0.0710,0.0539,0.2347,0.0000,0.4845,3,3,3,3,1,1,0,0,0,0
20062,m-906,329.7000,773.3000,0.3770,-0.0055,116.5651,0.4516,0.5053,0.7017,0.4845,0.0000,4,3,3,3,1,1,0,0,0,0
20063,m-213,352.8000,760.8000,0.1807,0.0036,-45.0000,0.0000,0.0847,0.1402,0.0741,0.3789,0,0,0,0,0,0,0,0,0,0
20063,m-504,359.8000,750.9000,0.7043,0.0000,-63.4349,0.0847,0.0000,0.1010,0.0542,0.4315,1,1,1,1,1,1,0,0,0,0
20063,m-608,313.2000,749.7000,0.4446,-0.0070,-90.0000,0.1402,0.1010,0.0000,0.1231,0.5028,5,2,2,2,2,2,0,0,0,0
20063,m-710,357.0000,789.1000,0.6277,0.0028,-56.3099,0.0741,0.0542,0.1231,0.0000,0.4103,3,3,3,3,1,1,0,0,0,0
20063,m-906,329.7000,773.6000,0.4325,-0.0066,90.0000,0.3789,0.4315,0.5028,0.4103,0.0000,4,3,3,3,1,1,0,0,0,0
20064,m-213,353.0000,760.5000,0.1446,0.0017,-56.3099,0.0000,0.0723,0.1822,0.0679,0.4114,0,0,0,0,0,0,0,0,0,0
20064,m-504,360.1000,750.5000,0.7043,-0.0018,-53.1301,0.0723,0.0000,0.1884,0.0510,0.4026,1,1,1,1,1,1,0,0,0,0
20064,m-608,313.1000,749.5000,0.5145,-0.0080,-116.5651,0.1822,0.1884,0.0000,0.1894,0.5766,5,2,2,2,2,2,0,0,0,0
20064,m-710,357.5000,788.4000,0.5999,0.0003,-54.4623,0.0679,0.0510,0.1894,0.0000,0.4046,3,3,3,3,1,1,0,0,0,0
20064,m-906,329.7000,773.8000,0.4985,-0.0072,90.0000,0.4114,0.4026,0.5766,0.4046,0.0000,4,3,3,3,1,1,0,0,0,0
20065,m-213,353.1000,760.2000,0.1271,0.0006,-71.5651,0.0000,0.0838,0.0946,0.0926,0.0988,0,0,0,0,0,0,0,0,0,0
20065,m-504,360.4000,750.0000,0.7222,0.0026,-59.0362,0.0838,0.0000,0.1071,0.0579,0.0664,1,1,1,1,1,1,0,0,0,0
20065,m-608,313.1000,749.3000,0.5950,-0.0080,-90.0000,0.0946,0.1071,0.0000,0.1366,0.1311,5,2,2,2,2,2,0,0,0,0
20065,m-710,358.1000,787.7000,0.5972,-0.0015,-49.3987,0.0926,0.0579,0.1366,0.0000,0.0429,3,3,3,3,1,1,0,0,0,0
20065,m-906,329.8000,773.7000,0.5704,-0.0058,-45.0000,0.0988,0.0664,0.1311,0.0429,0.0000,4,3,3,3,1,1,0,0,0,0
20066,m-213,353.1000,760.0000,0.1213,-0.0016,-90.0000,0.0000,0.1046,0.0877,0.1441,0.2609,0,0,0,0,0,0,0,0,0,0
20066,m-504,360.8000,749.2000,0.6960,0.0013,-63.4349,0.1046,0.0000,0.0965,0.0718,0.1841,1,1,1,1,1,1,0,0,0,0
20066,m-608,313.1000,749.2000,0.6750,-0.0058,-90.0000,0.0877,0.0965,0.0000,0.1472,0.2537,5,2,2,2,2,2,0,0,0,0
20066,m-710,358.7000,787.1000,0.6123,-0.0007,-45.0000,0.1441,0.0718,0.1472,0.0000,0.1319,3,3,3,3,1,1,0,0,0,0
20066,m-906,330.0000,773.7000,0.6285,-0.0058,0.0000,0.2609,0.1841,0.2537,0.1319,0.0000,4,3,3,3,1,1,0,0,0,0
20067,m-213,353.0000,759.9000,0.1371,-0.0010,-135.0000,0.0000,0.1958,0.1054,0.2603,0.5073,0,0,0,0,0,0,0,0,0,0
20067,m-504,361.1000,748.4000,0.6833,0.0013,-69.4440,0.1958,0.0000,0.2423,0.0845,0.3230,1,1,1,1,1,1,0,0,0,0
20067,m-608,312.9000,749.1000,0.7332,-0.0036,-153.4349,0.1054,0.2423,0.0000,0.3121,0.5541,5,2,2,2,2,2,0,0,0,0
20067,m-710,359.3000,786.5000,0.6197,-0.0034,-45.0000,0.2603,0.0845,0.3121,0.0000,0.2542,3,3,3,3,1,1,0,0,0,0
20067,m-906,330.1000,773.8000,0.6864,-0.0015,45.0000,0.5073,0.3230,0.5541,0.2542,0.0000,4,3,3,3,1,1,0,0,0,0
20068,m-213,352.9000,759.9000,0.1471,-0.0016,180.0000,0.0000,0.6981,0.8825,0.5996,0.3531,0,0,0,0,0,0,0,0,0,0
20068,m-504,361.4000,747.6000,0.6700,-0.0009,-69.4440,0.6981,0.0000,0.1936,0.1114,0.3543,1,1,1,1,1,1,0,0,0,0
20068,m-608,312.8000,749.0000,0.7691,0.0018,-135.0000,0.8825,0.1936,0.0000,0.2931,0.5344,5,2,2,2,2,2,0,0,0,0
20068,m-710,359.9000,786.1000,0.6539,-0.0050,-33.6901,0.5996,0.1114,0.2931,0.0000,0.2542,3,3,3,3,1,1,0,0,0,0
20068,m-906,330.3000,774.1000,0.7014,-0.0000,56.3099,0.3531,0.3543,0.5344,0.2542,0.0000,4,3,3,3,1,1,0,0,0,0
20069,m-213,352.8000,760.0000,0.1630,0.0002,135.0000,0.0000,0.5481,0.7801,0.4897,0.1810,0,0,0,0,0,0,0,0,0,0
20069,m-504,361.8000,746.9000,0.6788,-0.0049,-60.2551,0.5481,0.0000,0.2398,0.0784,0.3833,1,1,1,1,1,1,0,0,0,0
20069,m-608,312.4000,748.7000,0.7507,0.0038,-143.1301,0.7801,0.2398,0.0000,0.3015,0.6117,5,2,2,2,2,2,0,0,0,0
20069,m-710,360.4000,785.7000,0.7039,-0.0073,-38.6598,0.4897,0.0784,0.3015,0.0000,0.3220,3,3,3,3,1,1,0,0,0,0
20069,m-906,330.4000,774.5000,0.7014,0.0010,75.9638,0.1810,0.3833,0.6117,0.3220,0.0000,4,3,3,3,1,1,0,0,0,0
20070,m-213,352.6000,760.1000,0.1606,-0.0022,153.4349,0.0000,0.5965,0.7694,0.4741,0.2164,0,0,0,0,0,0,0,0,0,0
20070,m-504,362.1000,746.4000,0.7282,-0.0042,-59.0362,0.5965,0.0000,0.1843,0.1354,0.3927,1,1,1,1,1,1,0,0,0,0
20070,m-608,312.1000,748.2000,0.7124,0.0059,-120.9638,0.7694,0.1843,0.0000,0.3084,0.5629,5,2,2,2,2,2,0,0,0,0
20070,m-710,360.8000,785.6000,0.7766,-0.0094,-14.0362,0.4741,0.1354,0.3084,0.0000,0.2669,3,3,3,3,1,1,0,0,0,0
20070,m-906,330.5000,775.1000,0.6915,0.0020,80.5377,0.2164,0.3927,0.5629,0.2669,0.0000,4,3,3,3,1,1,0,0,0,0
20071,m-213,352.5000,760.1000,0.1823,0.0000,180.0000,0.0000,0.6314,0.8006,0.4374,0.2604,0,0,0,0,0,0,0,0,0,0
20071,m-504,362.5000,746.0000,0.7701,-0.0022,-45.0000,0.6314,0.0000,0.1826,0.2062,0.3805,1,1,1,1,1,1,0,0,0,0
20071,m-608,311.9000,747.5000,0.6537,0.0072,-105.9454,0.8006,0.1826,0.0000,0.3788,0.5475,5,2,2,2,2,2,0,0,0,0
20071,m-710,361.0000,785.7000,0.8709,-0.0091,26.5651,0.4374,0.2062,0.3788,0.0000,0.1832,3,3,3,3,1,1,0,0,0,0
20071,m-906,330.5000,775.7000,0.6715,0.0049,90.0000,0.2604,0.3805,0.5475,0.1832,0.0000,4,3,3,3,1,1,0,0,0,0
20072,m-213,352.3000,760.2000,0.1823,-0.0014,153.4349,0.0000,0.6186,0.7169,0.2049,0.1700,0,0,0,0,0,0,0,0,0,0
20072,m-504,362.8000,745.3000,0.7925,-0.0025,-66.8014,0.6186,0.0000,0.1225,0.4404,0.4608,1,1,1,1,1,1,0,0,0,0
20072,m-608,311.7000,746.6000,0.5815,0.0060,-102.5288,0.7169,0.1225,0.0000,0.5446,0.5580,5,2,2,2,2,2,0,0,0,0
20072,m-710,361.0000,786.0000,0.9617,-0.0064,90.0000,0.2049,0.4404,0.5446,0.0000,0.0626,3,3,3,3,1,1,0,0,0,0
20072,m-906,330.4000,776.5000,0.6225,0.0054,97.1250,0.1700,0.4608,0.5580,0.0626,0.0000,4,3,3,3,1,1,0,0,0,0
20073,m-213,352.3000,760.2000,0.1964,-0.0020,0.0000,0.0000,0.1646,0.2980,0.2737,0.3136,0,0,0,0,0,0,0,0,0,0
20073,m-504,363.2000,744.8000,0.8179,-0.0026,-51.3402,0.1646,0.0000,0.1656,0.3982,0.4560,1,1,1,1,1,1,0,0,0,0
20073,m-608,311.5000,745.8000,0.5214,0.0070,-104.0362,0.2980,0.1656,0.0000,0.5504,0.5996,5,2,2,2,2,2,0,0,0,0
